r  b   swpd    free   buff   cache   si   so    bi    bo   in   cs us sy  id wa st
0  0 296540 1269692 161032 1269264    1    101     3     2    1    3  9  1  89  0  0
0  0 296540 1269560 161040 1269256    0    102     0    92  356  455  0  0 100  0  0
0  0 296540 1269560 161040 1269264    1    103     7     0  288  397  1  0  99  0  0
1  0 296540 1270676 161040 1269264    0    104     0     0  446  557  3  0  97  0  0
1  0 296540 1270676 161040 1269264    0    105     0     0  446  557  3  0  97  0  0
1  0 296540 1270676 161040 1269264    0    108     0     0  446  557  3  0  97  0  0
1  0 296540 1270676 161040 1269264    0    04     0     0  446  557  3  0  97  0  0
1  0 296540 1270676 161040 1269264    0    04     0     0  446  557  3  0  97  0  0
1  0 296540 1270676 161040 1269264    0    04     0     0  446  557  3  0  97  0  0
